location: (-1.112959384918213, 13.923466682434082, 0.41459184885025024)
rotation: (0.002629730151966214, -0.0, 0.0)
scale: 0.3169567584991455
