location: (-8.580885887145996, -7.207855701446533, 3.3795371055603027)
rotation: (3.0533862113952637, -0.007797567639499903, -1.2295324802398682)
scale: 1.0
