location: (3.752199172973633, -6.785435676574707, 8.620603561401367)
rotation: (5.576425552368164, 3.8493261337280273, 3.9971976280212402)
scale: 0.12742064893245697
