origin: (0.0, 0.0, 0.0)
x-dist: 4.831242084503174
y-dist: 1.3555169105529785
z-dist: 5.666064739227295
