origin: (0.0, 0.0, 0.0)
x-dist: 1.6188637018203735
y-dist: 1.1431512832641602
z-dist: 1.4317797422409058
