origin: (0.0, 0.0, 0.0)
x-dist: 11.1639404296875
y-dist: 11.65132999420166
z-dist: 11.489124298095703
