origin: (0.0, 0.0, 0.0)
x-dist: 5.599510669708252
y-dist: 34.706417083740234
z-dist: 20.183673858642578
