origin: (0.0, 0.0, 0.0)
x-dist: 1.6407020092010498
y-dist: 3.9874367713928223
z-dist: 4.77169132232666
