location: (1.3128498792648315, 12.840092658996582, -1.3947113752365112)
rotation: (3.126840353012085, 0.2828291952610016, 2.9908447265625)
scale: -0.11423798650503159
