location: (-4.128673553466797, 12.233031272888184, -0.4280152916908264)
rotation: (3.3539106845855713, -0.728339672088623, 3.0076394081115723)
scale: 0.11423798650503159
