location: (-2.9326910972595215, 12.397327423095703, -2.8214261531829834)
rotation: (3.2256593704223633, 0.3693901598453522, 3.2968578338623047)
scale: 0.11423798650503159
