location: (-1.0507174730300903, 12.60223388671875, -2.8214261531829834)
rotation: (3.2256593704223633, 0.3693901598453522, 3.2968578338623047)
scale: 0.11423798650503159
