location: (11.339418411254883, 5.818692684173584, 4.582243919372559)
rotation: (2.1135246753692627, 1.0549007654190063, 0.8574258685112)
scale: 0.18799668550491333
