location: (-4.479185104370117, -6.063845634460449, 9.710134506225586)
rotation: (2.1928324699401855, -0.0933515876531601, -0.5547068119049072)
scale: 0.0781794860959053
