location: (2.246674060821533, 0.5579143762588501, 12.459114074707031)
rotation: (1.560363531112671, 0.002804388990625739, 0.019366225227713585)
scale: 0.10920871794223785
