location: (7.517604827880859, -0.9227045774459839, -9.721474647521973)
rotation: (4.534763336181641, 0.2791482210159302, 2.422968864440918)
scale: 0.11423798650503159
